{
 "cells": [
  {
   "cell_type": "code",
   "execution_count": 1,
   "metadata": {},
   "outputs": [],
   "source": [
    "import pandas as pd\n",
    "import numpy as np\n",
    "\n",
    "import open3d\n",
    "# examples/Python/Tutorial/Basic/icp_registration.py\n",
    "    \n",
    "from open3d import *\n",
    "import numpy as np\n",
    "import copy"
   ]
  },
  {
   "cell_type": "code",
   "execution_count": 2,
   "metadata": {},
   "outputs": [],
   "source": [
    "path = \"voxelling_output/submission_files/check_registration/\"\n",
    "pcw1 = pd.read_csv(path+\"0000007_pointcloud.csv\", header=None)\n",
    "pcw2 = pd.read_csv(path+\"0000020_pointcloud.csv\", header=None)\n",
    "\n",
    "pcw1.iloc[:, :3].to_csv(path+\"source.xyz\", sep=\" \", header=None, index=None)\n",
    "pcw2.iloc[:, :3].to_csv(path+\"target.xyz\", sep=\" \", header=None, index=None)"
   ]
  },
  {
   "cell_type": "code",
   "execution_count": 3,
   "metadata": {},
   "outputs": [],
   "source": [
    "def draw_registration_result(source, target, transformation):\n",
    "    source_temp = copy.deepcopy(source)\n",
    "    target_temp = copy.deepcopy(target)\n",
    "    source_temp.paint_uniform_color([1, 0.706, 0])\n",
    "    target_temp.paint_uniform_color([0, 0.651, 0.929])\n",
    "    source_temp.transform(transformation)\n",
    "    draw_geometries([source_temp, target_temp])"
   ]
  },
  {
   "cell_type": "code",
   "execution_count": 4,
   "metadata": {},
   "outputs": [],
   "source": [
    "source = read_point_cloud(path+\"source.xyz\")\n",
    "target = read_point_cloud(path+\"target.xyz\")"
   ]
  },
  {
   "cell_type": "code",
   "execution_count": 5,
   "metadata": {},
   "outputs": [
    {
     "data": {
      "text/plain": [
       "PointCloud with 39281 points."
      ]
     },
     "execution_count": 5,
     "metadata": {},
     "output_type": "execute_result"
    }
   ],
   "source": [
    "source"
   ]
  },
  {
   "cell_type": "code",
   "execution_count": 6,
   "metadata": {},
   "outputs": [
    {
     "data": {
      "text/plain": [
       "array([[ 1.        ,  0.        ,  0.        , 66.46777295],\n",
       "       [ 0.        ,  1.        ,  0.        , 48.00280859],\n",
       "       [ 0.        ,  0.        ,  1.        , 63.09584695],\n",
       "       [ 0.        ,  0.        ,  0.        ,  1.        ]])"
      ]
     },
     "execution_count": 6,
     "metadata": {},
     "output_type": "execute_result"
    }
   ],
   "source": [
    "threshold = 1000000000000000000\n",
    "\n",
    "trans_init = np.eye(4)\n",
    "trans_init[:3, 3] = 100*np.random.rand(3)\n",
    "\n",
    "# trans_init = np.array([[np.cos(np.pi/8), np.sin(np.pi/8), 0., 10.],\n",
    "#                       [-np.sin(np.pi/8), np.cos(np.pi/8), 0., 20.],\n",
    "#                       [0,0,1,10],\n",
    "#                       [0,0,0,1]])\n",
    "trans_init"
   ]
  },
  {
   "cell_type": "code",
   "execution_count": 7,
   "metadata": {},
   "outputs": [],
   "source": [
    "draw_registration_result(source, target, trans_init)"
   ]
  },
  {
   "cell_type": "code",
   "execution_count": 8,
   "metadata": {},
   "outputs": [
    {
     "name": "stdout",
     "output_type": "stream",
     "text": [
      "Initial alignment\n",
      "RegistrationResult with fitness = 1.000000, inlier_rmse = 65.666740, and correspondence_set size of 39281\n",
      "Access transformation to get result.\n"
     ]
    }
   ],
   "source": [
    "print(\"Initial alignment\")\n",
    "evaluation = evaluate_registration(source, target,\n",
    "        threshold, trans_init)\n",
    "print(evaluation)"
   ]
  },
  {
   "cell_type": "code",
   "execution_count": 9,
   "metadata": {},
   "outputs": [
    {
     "name": "stdout",
     "output_type": "stream",
     "text": [
      "Apply point-to-point ICP\n",
      "RegistrationResult with fitness = 1.000000, inlier_rmse = 12.504035, and correspondence_set size of 39281\n",
      "Access transformation to get result.\n",
      "Transformation is:\n",
      "[[ 9.99999688e-01  6.36826445e-04 -4.66460284e-04  2.76984209e+00]\n",
      " [-6.36661682e-04  9.99999735e-01  3.53284431e-04  1.99644116e+00]\n",
      " [ 4.66685141e-04 -3.52987343e-04  9.99999829e-01 -1.66867856e+00]\n",
      " [ 0.00000000e+00  0.00000000e+00  0.00000000e+00  1.00000000e+00]]\n",
      "\n"
     ]
    }
   ],
   "source": [
    "print(\"Apply point-to-point ICP\")\n",
    "reg_p2p = registration_icp(source, target, threshold, trans_init,\n",
    "        TransformationEstimationPointToPoint(), )\n",
    "print(reg_p2p)\n",
    "print(\"Transformation is:\")\n",
    "print(reg_p2p.transformation)\n",
    "print(\"\")\n",
    "draw_registration_result(source, target, reg_p2p.transformation)"
   ]
  },
  {
   "cell_type": "code",
   "execution_count": 12,
   "metadata": {},
   "outputs": [
    {
     "name": "stdout",
     "output_type": "stream",
     "text": [
      "[[ 9.99999688e-01  6.36826445e-04 -4.66460284e-04  2.76984209e+00]\n",
      " [-6.36661682e-04  9.99999735e-01  3.53284431e-04  1.99644116e+00]\n",
      " [ 4.66685141e-04 -3.52987343e-04  9.99999829e-01 -1.66867856e+00]\n",
      " [ 0.00000000e+00  0.00000000e+00  0.00000000e+00  1.00000000e+00]]\n",
      "(4, 4)\n"
     ]
    }
   ],
   "source": [
    "R = reg_p2p.transformation\n",
    "print(R)\n",
    "print(R.shape)"
   ]
  },
  {
   "cell_type": "markdown",
   "metadata": {},
   "source": [
    "-------------------------------"
   ]
  },
  {
   "cell_type": "code",
   "execution_count": 35,
   "metadata": {},
   "outputs": [],
   "source": [
    "from utilities.math_utils import extract_rotation, extract_translation"
   ]
  },
  {
   "cell_type": "code",
   "execution_count": 36,
   "metadata": {
    "scrolled": true
   },
   "outputs": [
    {
     "data": {
      "text/plain": [
       "(array([-0.00035328, -0.00046646, -0.00063683]),\n",
       " array([ 2.76984209,  1.99644116, -1.66867856]))"
      ]
     },
     "execution_count": 36,
     "metadata": {},
     "output_type": "execute_result"
    }
   ],
   "source": [
    "rot = extract_rotation(R)\n",
    "trans = extract_translation(R)\n",
    "rot, trans"
   ]
  },
  {
   "cell_type": "code",
   "execution_count": null,
   "metadata": {},
   "outputs": [],
   "source": []
  },
  {
   "cell_type": "markdown",
   "metadata": {},
   "source": [
    "---------------------------------------------"
   ]
  },
  {
   "cell_type": "code",
   "execution_count": 37,
   "metadata": {},
   "outputs": [],
   "source": [
    "def rot_and_trans_mat_to_euler_3d(R):\n",
    "    # based on rotation and translation matrix defenition found here: http://planning.cs.uiuc.edu/node104.html\n",
    "    assert R[3,3]==1 and R.shape==(4,4) and R[3,1]==0\n",
    "    x_t = R[0,3]\n",
    "    y_t = R[1,3]\n",
    "    z_t = R[2,3]\n",
    "    beta = -np.arcsin(R[2,0])\n",
    "    gamma = np.arcsin(R[2,1]/np.cos(beta))\n",
    "    alpha = np.arcsin(R[1,0]/np.cos(beta))\n",
    "    return (x_t, y_t, z_t), (alpha, beta, gamma)"
   ]
  },
  {
   "cell_type": "code",
   "execution_count": 38,
   "metadata": {},
   "outputs": [],
   "source": [
    "trans, rot = rot_and_trans_mat_to_euler_3d(R)"
   ]
  },
  {
   "cell_type": "code",
   "execution_count": 39,
   "metadata": {},
   "outputs": [
    {
     "data": {
      "text/plain": [
       "((-0.0006366617942376715, -0.00046668515798245963, -0.0003529873890561033),\n",
       " (2.769842092347897, 1.9964411649030667, -1.6686785648441038))"
      ]
     },
     "execution_count": 39,
     "metadata": {},
     "output_type": "execute_result"
    }
   ],
   "source": [
    "rot, trans  ## looks like my function iz good but alpha and gamma should replace positions "
   ]
  },
  {
   "cell_type": "code",
   "execution_count": 44,
   "metadata": {},
   "outputs": [
    {
     "ename": "FileNotFoundError",
     "evalue": "File b'E:/Datasets/DataHack/Test/vid_21_estimate_egomotion0000007_egomotion.csv' does not exist",
     "output_type": "error",
     "traceback": [
      "\u001b[1;31m---------------------------------------------------------------------------\u001b[0m",
      "\u001b[1;31mFileNotFoundError\u001b[0m                         Traceback (most recent call last)",
      "\u001b[1;32m<ipython-input-44-b9b2b665ae3f>\u001b[0m in \u001b[0;36m<module>\u001b[1;34m()\u001b[0m\n\u001b[1;32m----> 1\u001b[1;33m \u001b[0mgt_ego1\u001b[0m \u001b[1;33m=\u001b[0m \u001b[0mpd\u001b[0m\u001b[1;33m.\u001b[0m\u001b[0mread_csv\u001b[0m\u001b[1;33m(\u001b[0m\u001b[0mpath\u001b[0m\u001b[1;33m+\u001b[0m\u001b[1;34m\"0000007_egomotion.csv\"\u001b[0m\u001b[1;33m)\u001b[0m\u001b[1;33m\u001b[0m\u001b[0m\n\u001b[0m\u001b[0;32m      2\u001b[0m \u001b[0mgt_ego2\u001b[0m \u001b[1;33m=\u001b[0m \u001b[0mpd\u001b[0m\u001b[1;33m.\u001b[0m\u001b[0mread_csv\u001b[0m\u001b[1;33m(\u001b[0m\u001b[0mpath\u001b[0m\u001b[1;33m+\u001b[0m\u001b[1;34m\"0000020_egomotion.csv\"\u001b[0m\u001b[1;33m)\u001b[0m\u001b[1;33m\u001b[0m\u001b[0m\n\u001b[0;32m      3\u001b[0m \u001b[0mgt_ego1\u001b[0m\u001b[1;33m-\u001b[0m\u001b[0mgt_ego2\u001b[0m\u001b[1;33m\u001b[0m\u001b[0m\n",
      "\u001b[1;32m~\\Anaconda3\\envs\\datahack\\lib\\site-packages\\pandas\\io\\parsers.py\u001b[0m in \u001b[0;36mparser_f\u001b[1;34m(filepath_or_buffer, sep, delimiter, header, names, index_col, usecols, squeeze, prefix, mangle_dupe_cols, dtype, engine, converters, true_values, false_values, skipinitialspace, skiprows, nrows, na_values, keep_default_na, na_filter, verbose, skip_blank_lines, parse_dates, infer_datetime_format, keep_date_col, date_parser, dayfirst, iterator, chunksize, compression, thousands, decimal, lineterminator, quotechar, quoting, escapechar, comment, encoding, dialect, tupleize_cols, error_bad_lines, warn_bad_lines, skipfooter, doublequote, delim_whitespace, low_memory, memory_map, float_precision)\u001b[0m\n\u001b[0;32m    676\u001b[0m                     skip_blank_lines=skip_blank_lines)\n\u001b[0;32m    677\u001b[0m \u001b[1;33m\u001b[0m\u001b[0m\n\u001b[1;32m--> 678\u001b[1;33m         \u001b[1;32mreturn\u001b[0m \u001b[0m_read\u001b[0m\u001b[1;33m(\u001b[0m\u001b[0mfilepath_or_buffer\u001b[0m\u001b[1;33m,\u001b[0m \u001b[0mkwds\u001b[0m\u001b[1;33m)\u001b[0m\u001b[1;33m\u001b[0m\u001b[0m\n\u001b[0m\u001b[0;32m    679\u001b[0m \u001b[1;33m\u001b[0m\u001b[0m\n\u001b[0;32m    680\u001b[0m     \u001b[0mparser_f\u001b[0m\u001b[1;33m.\u001b[0m\u001b[0m__name__\u001b[0m \u001b[1;33m=\u001b[0m \u001b[0mname\u001b[0m\u001b[1;33m\u001b[0m\u001b[0m\n",
      "\u001b[1;32m~\\Anaconda3\\envs\\datahack\\lib\\site-packages\\pandas\\io\\parsers.py\u001b[0m in \u001b[0;36m_read\u001b[1;34m(filepath_or_buffer, kwds)\u001b[0m\n\u001b[0;32m    438\u001b[0m \u001b[1;33m\u001b[0m\u001b[0m\n\u001b[0;32m    439\u001b[0m     \u001b[1;31m# Create the parser.\u001b[0m\u001b[1;33m\u001b[0m\u001b[1;33m\u001b[0m\u001b[0m\n\u001b[1;32m--> 440\u001b[1;33m     \u001b[0mparser\u001b[0m \u001b[1;33m=\u001b[0m \u001b[0mTextFileReader\u001b[0m\u001b[1;33m(\u001b[0m\u001b[0mfilepath_or_buffer\u001b[0m\u001b[1;33m,\u001b[0m \u001b[1;33m**\u001b[0m\u001b[0mkwds\u001b[0m\u001b[1;33m)\u001b[0m\u001b[1;33m\u001b[0m\u001b[0m\n\u001b[0m\u001b[0;32m    441\u001b[0m \u001b[1;33m\u001b[0m\u001b[0m\n\u001b[0;32m    442\u001b[0m     \u001b[1;32mif\u001b[0m \u001b[0mchunksize\u001b[0m \u001b[1;32mor\u001b[0m \u001b[0miterator\u001b[0m\u001b[1;33m:\u001b[0m\u001b[1;33m\u001b[0m\u001b[0m\n",
      "\u001b[1;32m~\\Anaconda3\\envs\\datahack\\lib\\site-packages\\pandas\\io\\parsers.py\u001b[0m in \u001b[0;36m__init__\u001b[1;34m(self, f, engine, **kwds)\u001b[0m\n\u001b[0;32m    785\u001b[0m             \u001b[0mself\u001b[0m\u001b[1;33m.\u001b[0m\u001b[0moptions\u001b[0m\u001b[1;33m[\u001b[0m\u001b[1;34m'has_index_names'\u001b[0m\u001b[1;33m]\u001b[0m \u001b[1;33m=\u001b[0m \u001b[0mkwds\u001b[0m\u001b[1;33m[\u001b[0m\u001b[1;34m'has_index_names'\u001b[0m\u001b[1;33m]\u001b[0m\u001b[1;33m\u001b[0m\u001b[0m\n\u001b[0;32m    786\u001b[0m \u001b[1;33m\u001b[0m\u001b[0m\n\u001b[1;32m--> 787\u001b[1;33m         \u001b[0mself\u001b[0m\u001b[1;33m.\u001b[0m\u001b[0m_make_engine\u001b[0m\u001b[1;33m(\u001b[0m\u001b[0mself\u001b[0m\u001b[1;33m.\u001b[0m\u001b[0mengine\u001b[0m\u001b[1;33m)\u001b[0m\u001b[1;33m\u001b[0m\u001b[0m\n\u001b[0m\u001b[0;32m    788\u001b[0m \u001b[1;33m\u001b[0m\u001b[0m\n\u001b[0;32m    789\u001b[0m     \u001b[1;32mdef\u001b[0m \u001b[0mclose\u001b[0m\u001b[1;33m(\u001b[0m\u001b[0mself\u001b[0m\u001b[1;33m)\u001b[0m\u001b[1;33m:\u001b[0m\u001b[1;33m\u001b[0m\u001b[0m\n",
      "\u001b[1;32m~\\Anaconda3\\envs\\datahack\\lib\\site-packages\\pandas\\io\\parsers.py\u001b[0m in \u001b[0;36m_make_engine\u001b[1;34m(self, engine)\u001b[0m\n\u001b[0;32m   1012\u001b[0m     \u001b[1;32mdef\u001b[0m \u001b[0m_make_engine\u001b[0m\u001b[1;33m(\u001b[0m\u001b[0mself\u001b[0m\u001b[1;33m,\u001b[0m \u001b[0mengine\u001b[0m\u001b[1;33m=\u001b[0m\u001b[1;34m'c'\u001b[0m\u001b[1;33m)\u001b[0m\u001b[1;33m:\u001b[0m\u001b[1;33m\u001b[0m\u001b[0m\n\u001b[0;32m   1013\u001b[0m         \u001b[1;32mif\u001b[0m \u001b[0mengine\u001b[0m \u001b[1;33m==\u001b[0m \u001b[1;34m'c'\u001b[0m\u001b[1;33m:\u001b[0m\u001b[1;33m\u001b[0m\u001b[0m\n\u001b[1;32m-> 1014\u001b[1;33m             \u001b[0mself\u001b[0m\u001b[1;33m.\u001b[0m\u001b[0m_engine\u001b[0m \u001b[1;33m=\u001b[0m \u001b[0mCParserWrapper\u001b[0m\u001b[1;33m(\u001b[0m\u001b[0mself\u001b[0m\u001b[1;33m.\u001b[0m\u001b[0mf\u001b[0m\u001b[1;33m,\u001b[0m \u001b[1;33m**\u001b[0m\u001b[0mself\u001b[0m\u001b[1;33m.\u001b[0m\u001b[0moptions\u001b[0m\u001b[1;33m)\u001b[0m\u001b[1;33m\u001b[0m\u001b[0m\n\u001b[0m\u001b[0;32m   1015\u001b[0m         \u001b[1;32melse\u001b[0m\u001b[1;33m:\u001b[0m\u001b[1;33m\u001b[0m\u001b[0m\n\u001b[0;32m   1016\u001b[0m             \u001b[1;32mif\u001b[0m \u001b[0mengine\u001b[0m \u001b[1;33m==\u001b[0m \u001b[1;34m'python'\u001b[0m\u001b[1;33m:\u001b[0m\u001b[1;33m\u001b[0m\u001b[0m\n",
      "\u001b[1;32m~\\Anaconda3\\envs\\datahack\\lib\\site-packages\\pandas\\io\\parsers.py\u001b[0m in \u001b[0;36m__init__\u001b[1;34m(self, src, **kwds)\u001b[0m\n\u001b[0;32m   1706\u001b[0m         \u001b[0mkwds\u001b[0m\u001b[1;33m[\u001b[0m\u001b[1;34m'usecols'\u001b[0m\u001b[1;33m]\u001b[0m \u001b[1;33m=\u001b[0m \u001b[0mself\u001b[0m\u001b[1;33m.\u001b[0m\u001b[0musecols\u001b[0m\u001b[1;33m\u001b[0m\u001b[0m\n\u001b[0;32m   1707\u001b[0m \u001b[1;33m\u001b[0m\u001b[0m\n\u001b[1;32m-> 1708\u001b[1;33m         \u001b[0mself\u001b[0m\u001b[1;33m.\u001b[0m\u001b[0m_reader\u001b[0m \u001b[1;33m=\u001b[0m \u001b[0mparsers\u001b[0m\u001b[1;33m.\u001b[0m\u001b[0mTextReader\u001b[0m\u001b[1;33m(\u001b[0m\u001b[0msrc\u001b[0m\u001b[1;33m,\u001b[0m \u001b[1;33m**\u001b[0m\u001b[0mkwds\u001b[0m\u001b[1;33m)\u001b[0m\u001b[1;33m\u001b[0m\u001b[0m\n\u001b[0m\u001b[0;32m   1709\u001b[0m \u001b[1;33m\u001b[0m\u001b[0m\n\u001b[0;32m   1710\u001b[0m         \u001b[0mpassed_names\u001b[0m \u001b[1;33m=\u001b[0m \u001b[0mself\u001b[0m\u001b[1;33m.\u001b[0m\u001b[0mnames\u001b[0m \u001b[1;32mis\u001b[0m \u001b[1;32mNone\u001b[0m\u001b[1;33m\u001b[0m\u001b[0m\n",
      "\u001b[1;32mpandas/_libs/parsers.pyx\u001b[0m in \u001b[0;36mpandas._libs.parsers.TextReader.__cinit__\u001b[1;34m()\u001b[0m\n",
      "\u001b[1;32mpandas/_libs/parsers.pyx\u001b[0m in \u001b[0;36mpandas._libs.parsers.TextReader._setup_parser_source\u001b[1;34m()\u001b[0m\n",
      "\u001b[1;31mFileNotFoundError\u001b[0m: File b'E:/Datasets/DataHack/Test/vid_21_estimate_egomotion0000007_egomotion.csv' does not exist"
     ]
    }
   ],
   "source": [
    "gt_ego1 = pd.read_csv(path+\"0000007_egomotion.csv\", header=None)\n",
    "gt_ego2 = pd.read_csv(path+\"0000020_egomotion.csv\", header=None)\n",
    "gt_ego1-gt_ego2"
   ]
  },
  {
   "cell_type": "markdown",
   "metadata": {},
   "source": [
    "----------------------------------------"
   ]
  },
  {
   "cell_type": "code",
   "execution_count": 16,
   "metadata": {},
   "outputs": [
    {
     "name": "stdout",
     "output_type": "stream",
     "text": [
      "     0    1    2    3    4    5\n",
      "0  0.0  0.0  0.0  0.0  0.0  0.0\n",
      "Apply point-to-point ICP to: \n",
      "E:/Datasets/DataHack/Test/vid_21_estimate_egomotion\\0004001.xyz\n",
      "RegistrationResult with fitness = 1.000000, inlier_rmse = 15.988768, and correspondence_set size of 42987\n",
      "Access transformation to get result.\n",
      "Transformation is:\n",
      "[[ 9.99999135e-01 -2.75508964e-04 -1.28624424e-03 -3.03663137e+01]\n",
      " [ 2.71744213e-04  9.99995682e-01 -2.92619085e-03 -9.76548338e-01]\n",
      " [ 1.28704487e-03  2.92583879e-03  9.99994891e-01 -3.65200365e-01]\n",
      " [ 0.00000000e+00  0.00000000e+00  0.00000000e+00  1.00000000e+00]]\n",
      "          0         1         2          3         4       5\n",
      "0  0.002926 -0.001286  0.000276 -30.366314 -0.976548 -0.3652\n",
      "\n",
      "Apply point-to-point ICP to: \n",
      "E:/Datasets/DataHack/Test/vid_21_estimate_egomotion\\0004002.xyz\n",
      "RegistrationResult with fitness = 1.000000, inlier_rmse = 15.258841, and correspondence_set size of 43151\n",
      "Access transformation to get result.\n",
      "Transformation is:\n",
      "[[ 9.99994562e-01 -1.06362065e-04 -3.29607176e-03 -2.87360534e+01]\n",
      " [ 1.04249301e-04  9.99999789e-01 -6.41159863e-04 -8.95515044e-01]\n",
      " [ 3.29613926e-03  6.40812763e-04  9.99994362e-01 -2.44514354e+00]\n",
      " [ 0.00000000e+00  0.00000000e+00  0.00000000e+00  1.00000000e+00]]\n",
      "          0         1         2          3         4         5\n",
      "0  0.003568 -0.004582  0.000392 -59.100894 -1.874995 -2.911059\n",
      "\n",
      "Apply point-to-point ICP to: \n",
      "E:/Datasets/DataHack/Test/vid_21_estimate_egomotion\\0004003.xyz\n",
      "RegistrationResult with fitness = 1.000000, inlier_rmse = 21.751154, and correspondence_set size of 43258\n",
      "Access transformation to get result.\n",
      "Transformation is:\n",
      "[[ 9.99994742e-01 -1.96417045e-05 -3.24289472e-03 -2.51114155e+01]\n",
      " [ 1.79079738e-05  9.99999857e-01 -5.34652569e-04 -4.51293083e-01]\n",
      " [ 3.24290476e-03  5.34591684e-04  9.99994599e-01 -2.73396128e+00]\n",
      " [ 0.00000000e+00  0.00000000e+00  0.00000000e+00  1.00000000e+00]]\n",
      "          0         1         2          3         4         5\n",
      "0  0.004102 -0.007825  0.000423 -84.202522 -2.325789 -5.837666\n",
      "\n",
      "Apply point-to-point ICP to: \n",
      "E:/Datasets/DataHack/Test/vid_21_estimate_egomotion\\0004004.xyz\n",
      "RegistrationResult with fitness = 1.000000, inlier_rmse = 34.023767, and correspondence_set size of 43314\n",
      "Access transformation to get result.\n",
      "Transformation is:\n",
      "[[ 9.99999451e-01 -6.34512447e-04 -8.34264119e-04 -2.80347833e+01]\n",
      " [ 6.32205698e-04  9.99995985e-01 -2.76237244e-03 -1.50022909e+00]\n",
      " [ 8.36013529e-04  2.76184350e-03  9.99995837e-01 -1.12254449e+00]\n",
      " [ 0.00000000e+00  0.00000000e+00  0.00000000e+00  1.00000000e+00]]\n",
      "         0         1         2           3         4         5\n",
      "0  0.00687 -0.008656  0.001061 -112.230913 -3.863117 -7.037004\n",
      "\n",
      "Apply point-to-point ICP to: \n",
      "E:/Datasets/DataHack/Test/vid_21_estimate_egomotion\\0004005.xyz\n",
      "RegistrationResult with fitness = 1.000000, inlier_rmse = 34.354217, and correspondence_set size of 43268\n",
      "Access transformation to get result.\n",
      "Transformation is:\n",
      "[[ 9.99999695e-01 -3.30464372e-04 -7.08192140e-04 -3.47945452e+01]\n",
      " [ 3.28642875e-04  9.99996642e-01 -2.57061179e-03 -2.28508103e+00]\n",
      " [ 7.09039258e-04  2.57037827e-03  9.99996445e-01 -7.94251892e-01]\n",
      " [ 0.00000000e+00  0.00000000e+00  0.00000000e+00  1.00000000e+00]]\n",
      "          0         1         2           3         4         5\n",
      "0  0.009443 -0.009362  0.001396 -147.019164 -6.166979 -7.920736\n",
      "\n",
      "Apply point-to-point ICP to: \n",
      "E:/Datasets/DataHack/Test/vid_21_estimate_egomotion\\0004006.xyz\n",
      "RegistrationResult with fitness = 1.000000, inlier_rmse = 35.577609, and correspondence_set size of 43255\n",
      "Access transformation to get result.\n",
      "Transformation is:\n",
      "[[ 9.99999829e-01 -2.66574620e-04 -5.21037086e-04 -3.39305749e+01]\n",
      " [ 2.65511442e-04  9.99997885e-01 -2.03950885e-03 -2.35605404e+00]\n",
      " [ 5.21579665e-04  2.03937016e-03  9.99997784e-01 -8.80623615e-01]\n",
      " [ 0.00000000e+00  0.00000000e+00  0.00000000e+00  1.00000000e+00]]\n",
      "          0         1         2           3         4         5\n",
      "0  0.011485 -0.009881  0.001668 -180.943943 -8.545901 -8.890602\n",
      "\n",
      "Apply point-to-point ICP to: \n",
      "E:/Datasets/DataHack/Test/vid_21_estimate_egomotion\\0004007.xyz\n",
      "RegistrationResult with fitness = 1.000000, inlier_rmse = 27.222711, and correspondence_set size of 43175\n",
      "Access transformation to get result.\n",
      "Transformation is:\n",
      "[[ 9.99998564e-01 -4.55527901e-04 -1.63256813e-03 -2.25298829e+01]\n",
      " [ 4.50564743e-04  9.99995280e-01 -3.03917214e-03 -3.41710590e+00]\n",
      " [ 1.63394485e-03  3.03843220e-03  9.99994049e-01 -1.78423726e+00]\n",
      " [ 0.00000000e+00  0.00000000e+00  0.00000000e+00  1.00000000e+00]]\n",
      "          0         1         2           3          4          5\n",
      "0  0.014529 -0.011508  0.002142 -203.455158 -12.017474 -10.996404\n",
      "\n",
      "Apply point-to-point ICP to: \n",
      "E:/Datasets/DataHack/Test/vid_21_estimate_egomotion\\0004008.xyz\n",
      "RegistrationResult with fitness = 1.000000, inlier_rmse = 15.236925, and correspondence_set size of 43174\n",
      "Access transformation to get result.\n",
      "Transformation is:\n",
      "[[ 9.99998876e-01 -2.97886441e-04 -1.46956057e-03 -2.84372063e+01]\n",
      " [ 2.92910721e-04  9.99994228e-01 -3.38490985e-03 -1.01404784e+00]\n",
      " [ 1.47056040e-03  3.38447560e-03  9.99993191e-01 -1.06813876e+00]\n",
      " [ 0.00000000e+00  0.00000000e+00  0.00000000e+00  1.00000000e+00]]\n",
      "          0         1         2           3          4          5\n",
      "0  0.017918 -0.012973  0.002461 -231.872396 -13.053824 -12.404334\n",
      "\n",
      "Apply point-to-point ICP to: \n",
      "E:/Datasets/DataHack/Test/vid_21_estimate_egomotion\\0004009.xyz\n",
      "RegistrationResult with fitness = 1.000000, inlier_rmse = 17.269262, and correspondence_set size of 43245\n",
      "Access transformation to get result.\n",
      "Transformation is:\n",
      "[[ 9.99998857e-01  4.83517799e-05 -1.51095169e-03 -3.25186480e+01]\n",
      " [-5.31375100e-05  9.99994982e-01 -3.16748181e-03 -1.79955895e-01]\n",
      " [ 1.51079095e-03  3.16755847e-03  9.99993842e-01 -1.12948039e+00]\n",
      " [ 0.00000000e+00  0.00000000e+00  0.00000000e+00  1.00000000e+00]]\n",
      "          0         1        2           3          4          5\n",
      "0  0.021085 -0.014485  0.00244 -264.372668 -13.182103 -13.925398\n",
      "\n",
      "Apply point-to-point ICP to: \n",
      "E:/Datasets/DataHack/Test/vid_21_estimate_egomotion\\0004010.xyz\n",
      "RegistrationResult with fitness = 1.000000, inlier_rmse = 17.728630, and correspondence_set size of 43471\n",
      "Access transformation to get result.\n",
      "Transformation is:\n",
      "[[ 9.99998823e-01 -4.53843866e-05 -1.53354034e-03 -3.45510252e+01]\n",
      " [ 4.06294932e-05  9.99995193e-01 -3.10048776e-03 -3.65585712e-01]\n",
      " [ 1.53367368e-03  3.10042180e-03  9.99994018e-01 -5.89379623e-01]\n",
      " [ 0.00000000e+00  0.00000000e+00  0.00000000e+00  1.00000000e+00]]\n",
      "          0         1         2           3          4          5\n",
      "0  0.024187 -0.016017  0.002517 -298.901429 -13.515191 -14.961026\n",
      "\n",
      "Apply point-to-point ICP to: \n",
      "E:/Datasets/DataHack/Test/vid_21_estimate_egomotion\\0004011.xyz\n",
      "RegistrationResult with fitness = 1.000000, inlier_rmse = 20.043953, and correspondence_set size of 43606\n",
      "Access transformation to get result.\n",
      "Transformation is:\n",
      "[[ 9.99993939e-01 -2.67888833e-04 -3.47140219e-03 -3.36989862e+01]\n",
      " [ 2.67234377e-04  9.99999946e-01 -1.88990364e-04 -2.60919542e+00]\n",
      " [ 3.47145263e-03  1.88061541e-04  9.99993957e-01 -2.18920405e+00]\n",
      " [ 0.00000000e+00  0.00000000e+00  0.00000000e+00  1.00000000e+00]]\n",
      "          0         1         2           3          4          5\n",
      "0  0.024381 -0.019481  0.002869 -332.543047 -16.201435 -18.190303\n",
      "\n",
      "Apply point-to-point ICP to: \n",
      "E:/Datasets/DataHack/Test/vid_21_estimate_egomotion\\0004012.xyz\n",
      "RegistrationResult with fitness = 1.000000, inlier_rmse = 20.943565, and correspondence_set size of 43814\n",
      "Access transformation to get result.\n",
      "Transformation is:\n",
      "[[ 9.99994675e-01  3.66248803e-04 -3.24269875e-03 -3.51450878e+01]\n",
      " [-3.67548528e-04  9.99999852e-01 -4.00228862e-04 -1.53622093e+00]\n",
      " [ 3.24255169e-03  4.01418580e-04  9.99994662e-01 -2.19821585e+00]\n",
      " [ 0.00000000e+00  0.00000000e+00  0.00000000e+00  1.00000000e+00]]\n",
      "          0         1         2           3          4          5\n",
      "0  0.024776 -0.022732  0.002582 -367.633312 -17.608148 -21.473213\n",
      "\n",
      "Apply point-to-point ICP to: \n",
      "E:/Datasets/DataHack/Test/vid_21_estimate_egomotion\\0004013.xyz\n",
      "RegistrationResult with fitness = 1.000000, inlier_rmse = 26.673261, and correspondence_set size of 44009\n",
      "Access transformation to get result.\n",
      "Transformation is:\n",
      "[[ 9.99991067e-01  1.95789932e-04 -4.22215708e-03 -3.40683262e+01]\n",
      " [-1.96026434e-04  9.99999979e-01 -5.56008642e-05 -1.65710475e+00]\n",
      " [ 4.22214611e-03  5.64280219e-05  9.99991085e-01 -6.01741525e+00]\n",
      " [ 0.00000000e+00  0.00000000e+00  0.00000000e+00  1.00000000e+00]]\n",
      "         0         1         2           3          4          5\n",
      "0  0.02483 -0.026957  0.002491 -401.611138 -19.191992 -29.043632\n",
      "\n",
      "Apply point-to-point ICP to: \n",
      "E:/Datasets/DataHack/Test/vid_21_estimate_egomotion\\0004014.xyz\n"
     ]
    },
    {
     "name": "stdout",
     "output_type": "stream",
     "text": [
      "RegistrationResult with fitness = 1.000000, inlier_rmse = 19.975694, and correspondence_set size of 44140\n",
      "Access transformation to get result.\n",
      "Transformation is:\n",
      "[[ 9.99999173e-01 -4.00345813e-04 -1.22179028e-03 -3.20475562e+01]\n",
      " [ 3.96854005e-04  9.99995840e-01 -2.85684863e-03 -3.64603021e-01]\n",
      " [ 1.22292892e-03  2.85636139e-03  9.99995173e-01 -5.05044265e-01]\n",
      " [ 0.00000000e+00  0.00000000e+00  0.00000000e+00  1.00000000e+00]]\n",
      "          0         1         2           3          4          5\n",
      "0  0.027698 -0.028169  0.002922 -433.615194 -19.632923 -30.094498\n",
      "\n",
      "Apply point-to-point ICP to: \n",
      "E:/Datasets/DataHack/Test/vid_21_estimate_egomotion\\0004015.xyz\n",
      "RegistrationResult with fitness = 1.000000, inlier_rmse = 14.964282, and correspondence_set size of 44274\n",
      "Access transformation to get result.\n",
      "Transformation is:\n",
      "[[ 9.99998974e-01  1.12828908e-04 -1.42837558e-03 -3.19114752e+01]\n",
      " [-1.16767713e-04  9.99996191e-01 -2.75775917e-03 -1.16529083e-01]\n",
      " [ 1.42805898e-03  2.75792312e-03  9.99995177e-01 -9.63709096e-01]\n",
      " [ 0.00000000e+00  0.00000000e+00  0.00000000e+00  1.00000000e+00]]\n",
      "          0       1         2           3          4          5\n",
      "0  0.030454 -0.0296  0.002848 -465.485453 -19.615752 -31.731436\n",
      "\n",
      "Apply point-to-point ICP to: \n",
      "E:/Datasets/DataHack/Test/vid_21_estimate_egomotion\\0004016.xyz\n",
      "RegistrationResult with fitness = 1.000000, inlier_rmse = 13.936029, and correspondence_set size of 44486\n",
      "Access transformation to get result.\n",
      "Transformation is:\n",
      "[[ 9.99999131e-01 -6.05093526e-05 -1.31661218e-03 -3.08185464e+01]\n",
      " [ 5.68003439e-05  9.99996031e-01 -2.81694028e-03 -3.34076498e-01]\n",
      " [ 1.31677740e-03  2.81686305e-03  9.99995166e-01 -1.05779561e+00]\n",
      " [ 0.00000000e+00  0.00000000e+00  0.00000000e+00  1.00000000e+00]]\n",
      "          0         1         2          3          4          5\n",
      "0  0.033274 -0.030914  0.002949 -496.26063 -19.886805 -33.457273\n",
      "\n",
      "Apply point-to-point ICP to: \n",
      "E:/Datasets/DataHack/Test/vid_21_estimate_egomotion\\0004017.xyz\n",
      "RegistrationResult with fitness = 1.000000, inlier_rmse = 14.085426, and correspondence_set size of 44624\n",
      "Access transformation to get result.\n",
      "Transformation is:\n",
      "[[ 9.99999250e-01 -1.68733134e-04 -1.21284681e-03 -3.08760518e+01]\n",
      " [ 1.65411834e-04  9.99996238e-01 -2.73801243e-03 -7.40428047e-01]\n",
      " [ 1.21330424e-03  2.73780976e-03  9.99995516e-01 -6.70435896e-01]\n",
      " [ 0.00000000e+00  0.00000000e+00  0.00000000e+00  1.00000000e+00]]\n",
      "          0        1         2           3          4          5\n",
      "0  0.036019 -0.03212  0.003158 -527.092376 -20.617639 -34.784121\n",
      "\n",
      "Apply point-to-point ICP to: \n",
      "E:/Datasets/DataHack/Test/vid_21_estimate_egomotion\\0004018.xyz\n",
      "RegistrationResult with fitness = 1.000000, inlier_rmse = 14.093375, and correspondence_set size of 44787\n",
      "Access transformation to get result.\n",
      "Transformation is:\n",
      "[[ 9.99999324e-01 -2.62164133e-05 -1.16236824e-03 -2.90671983e+01]\n",
      " [ 2.29758289e-05  9.99996114e-01 -2.78784117e-03 -7.86628112e-01]\n",
      " [ 1.16243681e-03  2.78781258e-03  9.99995438e-01 -9.48093938e-01]\n",
      " [ 0.00000000e+00  0.00000000e+00  0.00000000e+00  1.00000000e+00]]\n",
      "          0         1         2           3          4          5\n",
      "0  0.038809 -0.033281  0.003226 -556.118245 -21.319325 -36.402246\n",
      "\n",
      "Apply point-to-point ICP to: \n",
      "E:/Datasets/DataHack/Test/vid_21_estimate_egomotion\\0004019.xyz\n",
      "RegistrationResult with fitness = 1.000000, inlier_rmse = 14.200169, and correspondence_set size of 44894\n",
      "Access transformation to get result.\n",
      "Transformation is:\n",
      "[[ 9.99999262e-01 -9.08385738e-05 -1.21128495e-03 -2.72882652e+01]\n",
      " [ 8.74300736e-05  9.99996038e-01 -2.81371017e-03 -1.10179752e+00]\n",
      " [ 1.21153575e-03  2.81360219e-03  9.99995308e-01 -1.28991450e+00]\n",
      " [ 0.00000000e+00  0.00000000e+00  0.00000000e+00  1.00000000e+00]]\n",
      "          0         1         2          3          4          5\n",
      "0  0.041627 -0.034488  0.003364 -583.36007 -22.367234 -38.425731\n",
      "\n",
      "Apply point-to-point ICP to: \n",
      "E:/Datasets/DataHack/Test/vid_21_estimate_egomotion\\0004020.xyz\n",
      "RegistrationResult with fitness = 1.000000, inlier_rmse = 18.242726, and correspondence_set size of 44992\n",
      "Access transformation to get result.\n",
      "Transformation is:\n",
      "[[ 9.99998970e-01 -2.87317001e-04 -1.40616169e-03 -2.44652532e+01]\n",
      " [ 2.83525621e-04  9.99996326e-01 -2.69571929e-03 -1.32711279e+00]\n",
      " [ 1.40693105e-03  2.69531783e-03  9.99995378e-01 -1.75055356e+00]\n",
      " [ 0.00000000e+00  0.00000000e+00  0.00000000e+00  1.00000000e+00]]\n",
      "          0         1        2           3          4          5\n",
      "0  0.044335 -0.035881  0.00371 -607.764263 -23.756077 -41.057141\n",
      "\n",
      "Apply point-to-point ICP to: \n",
      "E:/Datasets/DataHack/Test/vid_21_estimate_egomotion\\0004021.xyz\n",
      "RegistrationResult with fitness = 1.000000, inlier_rmse = 30.380605, and correspondence_set size of 45119\n",
      "Access transformation to get result.\n",
      "Transformation is:\n",
      "[[ 9.99998891e-01 -3.80779024e-04 -1.43986933e-03 -2.53722337e+01]\n",
      " [ 3.77075909e-04  9.99996623e-01 -2.57123903e-03 -2.64028468e-01]\n",
      " [ 1.44084355e-03  2.57069324e-03  9.99995658e-01 -2.61022715e+00]\n",
      " [ 0.00000000e+00  0.00000000e+00  0.00000000e+00  1.00000000e+00]]\n",
      "          0         1         2          3          4          5\n",
      "0  0.046922 -0.037303  0.004154 -633.06766 -24.143631 -44.603952\n",
      "\n",
      "Apply point-to-point ICP to: \n",
      "E:/Datasets/DataHack/Test/vid_21_estimate_egomotion\\0004022.xyz\n",
      "RegistrationResult with fitness = 1.000000, inlier_rmse = 30.226872, and correspondence_set size of 45127\n",
      "Access transformation to get result.\n",
      "Transformation is:\n",
      "[[ 9.99999776e-01  2.87708896e-04  6.03531773e-04 -3.69132071e+01]\n",
      " [-2.87736955e-04  9.99999958e-01  4.64042412e-05  1.65064681e-01]\n",
      " [-6.03518396e-04 -4.65778893e-05  9.99999817e-01 -8.01363997e-01]\n",
      " [ 0.00000000e+00  0.00000000e+00  0.00000000e+00  1.00000000e+00]]\n",
      "          0         1         2           3          4          5\n",
      "0  0.046864 -0.036713  0.003839 -670.014592 -23.798478 -45.022116\n",
      "\n",
      "Apply point-to-point ICP to: \n",
      "E:/Datasets/DataHack/Test/vid_21_estimate_egomotion\\0004023.xyz\n",
      "RegistrationResult with fitness = 1.000000, inlier_rmse = 31.289847, and correspondence_set size of 45099\n",
      "Access transformation to get result.\n",
      "Transformation is:\n",
      "[[ 9.99999924e-01 -1.26575739e-04  3.67705864e-04 -3.35764907e+01]\n",
      " [ 1.26533414e-04  9.99999985e-01  1.15126373e-04 -4.71215286e-01]\n",
      " [-3.67720430e-04 -1.15079837e-04  9.99999926e-01 -1.04907286e+00]\n",
      " [ 0.00000000e+00  0.00000000e+00  0.00000000e+00  1.00000000e+00]]\n",
      "          0        1         2           3          4          5\n",
      "0  0.046753 -0.03634  0.003948 -703.604575 -24.359655 -45.822068\n",
      "\n",
      "Apply point-to-point ICP to: \n",
      "E:/Datasets/DataHack/Test/vid_21_estimate_egomotion\\0004024.xyz\n",
      "RegistrationResult with fitness = 1.000000, inlier_rmse = 27.963739, and correspondence_set size of 45042\n",
      "Access transformation to get result.\n",
      "Transformation is:\n",
      "[[ 9.99999811e-01 -5.67477116e-04  2.34743784e-04 -2.59934458e+01]\n",
      " [ 5.67392610e-04  9.99999774e-01  3.59906765e-04 -2.10998876e+00]\n",
      " [-2.34947970e-04 -3.59773505e-04  9.99999908e-01 -1.16721737e+00]\n",
      " [ 0.00000000e+00  0.00000000e+00  0.00000000e+00  1.00000000e+00]]\n",
      "          0         1         2           3         4          5\n",
      "0  0.046413 -0.036079  0.004504 -729.594821 -26.88535 -46.815207\n",
      "\n",
      "Apply point-to-point ICP to: \n",
      "E:/Datasets/DataHack/Test/vid_21_estimate_egomotion\\0004025.xyz\n",
      "RegistrationResult with fitness = 1.000000, inlier_rmse = 15.110187, and correspondence_set size of 45033\n",
      "Access transformation to get result.\n",
      "Transformation is:\n",
      "[[ 9.99999234e-01  1.99675008e-05 -1.23748307e-03 -2.89157066e+01]\n",
      " [-2.33718582e-05  9.99996215e-01 -2.75108005e-03 -6.57847749e-01]\n",
      " [ 1.23742345e-03  2.75110687e-03  9.99995450e-01 -1.31646334e+00]\n",
      " [ 0.00000000e+00  0.00000000e+00  0.00000000e+00  1.00000000e+00]]\n",
      "          0         1         2           3          4         5\n",
      "0  0.049165 -0.037316  0.004542 -758.452572 -27.397252 -49.10824\n",
      "\n",
      "Apply point-to-point ICP to: \n",
      "E:/Datasets/DataHack/Test/vid_21_estimate_egomotion\\0004026.xyz\n",
      "RegistrationResult with fitness = 1.000000, inlier_rmse = 16.948588, and correspondence_set size of 45023\n",
      "Access transformation to get result.\n",
      "Transformation is:\n",
      "[[ 9.99999341e-01  1.49692114e-04 -1.13814024e-03 -3.34713869e+01]\n",
      " [-1.52666357e-04  9.99996573e-01 -2.61361095e-03 -5.86081483e-01]\n",
      " [ 1.13774510e-03  2.61378299e-03  9.99995937e-01 -5.85051530e-01]\n",
      " [ 0.00000000e+00  0.00000000e+00  0.00000000e+00  1.00000000e+00]]\n",
      "          0        1         2           3        4          5\n",
      "0  0.051776 -0.03846  0.004448 -791.871669 -27.7391 -50.627628\n",
      "\n",
      "Apply point-to-point ICP to: \n",
      "E:/Datasets/DataHack/Test/vid_21_estimate_egomotion\\0004027.xyz\n"
     ]
    },
    {
     "name": "stdout",
     "output_type": "stream",
     "text": [
      "RegistrationResult with fitness = 1.000000, inlier_rmse = 17.329157, and correspondence_set size of 45194\n",
      "Access transformation to get result.\n",
      "Transformation is:\n",
      "[[ 9.99999297e-01  2.22600416e-04 -1.16487635e-03 -3.49623521e+01]\n",
      " [-2.26025868e-04  9.99995649e-01 -2.94130932e-03  5.26006184e-03]\n",
      " [ 1.16421654e-03  2.94157055e-03  9.99994996e-01 -4.00318905e-01]\n",
      " [ 0.00000000e+00  0.00000000e+00  0.00000000e+00  1.00000000e+00]]\n",
      "          0         1         2           3          4        5\n",
      "0  0.054711 -0.039635  0.004286 -826.780664 -27.405824 -52.0312\n",
      "\n",
      "Apply point-to-point ICP to: \n",
      "E:/Datasets/DataHack/Test/vid_21_estimate_egomotion\\0004028.xyz\n",
      "RegistrationResult with fitness = 1.000000, inlier_rmse = 21.324341, and correspondence_set size of 45275\n",
      "Access transformation to get result.\n",
      "Transformation is:\n",
      "[[ 9.99994296e-01 -2.43676761e-04 -3.36870995e-03 -3.32330079e+01]\n",
      " [ 2.43665032e-04  9.99999970e-01 -3.89219998e-06  9.71364737e-01]\n",
      " [ 3.36871080e-03  3.07134096e-06  9.99994326e-01 -1.88379793e+00]\n",
      " [ 0.00000000e+00  0.00000000e+00  0.00000000e+00  1.00000000e+00]]\n",
      "          0         1         2        3          4          5\n",
      "0  0.054732 -0.042985  0.004714 -859.827 -26.635713 -56.699972\n",
      "\n",
      "Apply point-to-point ICP to: \n",
      "E:/Datasets/DataHack/Test/vid_21_estimate_egomotion\\0004029.xyz\n",
      "RegistrationResult with fitness = 1.000000, inlier_rmse = 18.046641, and correspondence_set size of 45526\n",
      "Access transformation to get result.\n",
      "Transformation is:\n",
      "[[ 9.99999596e-01  1.69208849e-04 -8.82553340e-04 -3.48891521e+01]\n",
      " [-1.71471306e-04  9.99996698e-01 -2.56409058e-03  1.13739588e+00]\n",
      " [ 8.82116559e-04  2.56424088e-03  9.99996323e-01 -1.83958125e-01]\n",
      " [ 0.00000000e+00  0.00000000e+00  0.00000000e+00  1.00000000e+00]]\n",
      "          0         1         2           3         4         5\n",
      "0  0.057291 -0.043876  0.004593 -894.670271 -25.20541 -57.71049\n",
      "\n",
      "Apply point-to-point ICP to: \n",
      "E:/Datasets/DataHack/Test/vid_21_estimate_egomotion\\0004030.xyz\n",
      "RegistrationResult with fitness = 1.000000, inlier_rmse = 17.539804, and correspondence_set size of 45667\n",
      "Access transformation to get result.\n",
      "Transformation is:\n",
      "[[ 9.99999381e-01  4.34845496e-04 -1.02439226e-03 -3.40300999e+01]\n",
      " [-4.37503427e-04  9.99996535e-01 -2.59584797e-03  9.14762343e-01]\n",
      " [ 1.02325992e-03  2.59629454e-03  9.99996106e-01 -3.91725272e-01]\n",
      " [ 0.00000000e+00  0.00000000e+00  0.00000000e+00  1.00000000e+00]]\n",
      "         0         1         2           3          4          5\n",
      "0  0.05987 -0.044923  0.004217 -928.651659 -23.749331 -59.082911\n",
